YS pair: [0, 3], Ratio: 0.5, Test Accuracy: 0.54545, Validation Accuracies: [0.6, 0.6, 0.6, 0.6, 0.6, 0.6, 0.6, 0.6, 0.6, 0.6, 0.6, 0.6, 0.6, 0.6, 0.6, 0.6, 0.6, 0.6, 0.6, 0.6]
YS pair: [0, 4], Ratio: 0.5, Test Accuracy: 0.27273, Validation Accuracies: [0.47619047619047616, 0.47619047619047616, 0.47619047619047616, 0.47619047619047616, 0.47619047619047616, 0.47619047619047616, 0.47619047619047616, 0.47619047619047616, 0.47619047619047616, 0.47619047619047616, 0.47619047619047616, 0.47619047619047616, 0.47619047619047616, 0.47619047619047616, 0.47619047619047616, 0.47619047619047616, 0.47619047619047616, 0.47619047619047616, 0.47619047619047616, 0.47619047619047616]
YS pair: [0, 3], Ratio: 0.4, Test Accuracy: 0.42857, Validation Accuracies: [0.47368421052631576, 0.47368421052631576, 0.47368421052631576, 0.47368421052631576, 0.47368421052631576, 0.47368421052631576, 0.47368421052631576, 0.47368421052631576, 0.47368421052631576, 0.47368421052631576, 0.47368421052631576, 0.47368421052631576, 0.47368421052631576, 0.47368421052631576, 0.47368421052631576, 0.47368421052631576, 0.47368421052631576, 0.47368421052631576, 0.47368421052631576, 0.47368421052631576]
YS pair: [0, 4], Ratio: 0.4, Test Accuracy: 0.54545, Validation Accuracies: [0.45, 0.45, 0.45, 0.45, 0.45, 0.45, 0.45, 0.45, 0.45, 0.45, 0.45, 0.45, 0.45, 0.45, 0.45, 0.45, 0.45, 0.45, 0.45, 0.45]
YS pair: [0, 3], Ratio: 0.3, Test Accuracy: 0.61905, Validation Accuracies: [0.7368421052631579, 0.7368421052631579, 0.7368421052631579, 0.7368421052631579, 0.7368421052631579, 0.7368421052631579, 0.7368421052631579, 0.7368421052631579, 0.7368421052631579, 0.7368421052631579, 0.7368421052631579, 0.7368421052631579, 0.7368421052631579, 0.7368421052631579, 0.7368421052631579, 0.7368421052631579, 0.7368421052631579, 0.7368421052631579, 0.7368421052631579, 0.7368421052631579]
YS pair: [0, 4], Ratio: 0.3, Test Accuracy: 0.59091, Validation Accuracies: [0.7, 0.7, 0.7, 0.7, 0.7, 0.7, 0.7, 0.7, 0.7, 0.7, 0.7, 0.7, 0.7, 0.7, 0.7, 0.7, 0.7, 0.7, 0.7, 0.7]
YS pair: [0, 3], Ratio: 0.2, Test Accuracy: 0.40000, Validation Accuracies: [0.47368421052631576, 0.47368421052631576, 0.47368421052631576, 0.47368421052631576, 0.47368421052631576, 0.47368421052631576, 0.47368421052631576, 0.47368421052631576, 0.47368421052631576, 0.47368421052631576, 0.47368421052631576, 0.47368421052631576, 0.47368421052631576, 0.47368421052631576, 0.47368421052631576, 0.47368421052631576, 0.47368421052631576, 0.47368421052631576, 0.47368421052631576, 0.47368421052631576]
YS pair: [0, 4], Ratio: 0.2, Test Accuracy: 0.33333, Validation Accuracies: [0.42105263157894735, 0.42105263157894735, 0.42105263157894735, 0.42105263157894735, 0.42105263157894735, 0.42105263157894735, 0.42105263157894735, 0.42105263157894735, 0.42105263157894735, 0.42105263157894735, 0.42105263157894735, 0.42105263157894735, 0.42105263157894735, 0.42105263157894735, 0.42105263157894735, 0.42105263157894735, 0.42105263157894735, 0.42105263157894735, 0.42105263157894735, 0.42105263157894735]
YS pair: [0, 3], Ratio: 0.1, Test Accuracy: 0.15789, Validation Accuracies: [0.2631578947368421, 0.2631578947368421, 0.2631578947368421, 0.2631578947368421, 0.2631578947368421, 0.2631578947368421, 0.2631578947368421, 0.2631578947368421, 0.2631578947368421, 0.2631578947368421, 0.2631578947368421, 0.2631578947368421, 0.2631578947368421, 0.2631578947368421, 0.2631578947368421, 0.2631578947368421, 0.2631578947368421, 0.2631578947368421, 0.2631578947368421, 0.2631578947368421]
YS pair: [0, 4], Ratio: 0.1, Test Accuracy: 0.70000, Validation Accuracies: [0.7222222222222222, 0.7222222222222222, 0.7222222222222222, 0.7222222222222222, 0.7222222222222222, 0.7222222222222222, 0.7222222222222222, 0.7222222222222222, 0.7222222222222222, 0.7222222222222222, 0.7222222222222222, 0.7222222222222222, 0.7222222222222222, 0.7222222222222222, 0.7222222222222222, 0.7222222222222222, 0.7222222222222222, 0.7222222222222222, 0.7222222222222222, 0.7222222222222222]
YS pair 1 - Test Accuracy: 0.54545, Validation Accuracies: [0.6, 0.6, 0.6, 0.6, 0.6, 0.6, 0.6, 0.6, 0.6, 0.6, 0.6, 0.6, 0.6, 0.6, 0.6, 0.6, 0.6, 0.6, 0.6, 0.6]
YS pair 2 - Test Accuracy: 0.27273, Validation Accuracies: [0.47619047619047616, 0.47619047619047616, 0.47619047619047616, 0.47619047619047616, 0.47619047619047616, 0.47619047619047616, 0.47619047619047616, 0.47619047619047616, 0.47619047619047616, 0.47619047619047616, 0.47619047619047616, 0.47619047619047616, 0.47619047619047616, 0.47619047619047616, 0.47619047619047616, 0.47619047619047616, 0.47619047619047616, 0.47619047619047616, 0.47619047619047616, 0.47619047619047616]
YS pair 3 - Test Accuracy: 0.42857, Validation Accuracies: [0.47368421052631576, 0.47368421052631576, 0.47368421052631576, 0.47368421052631576, 0.47368421052631576, 0.47368421052631576, 0.47368421052631576, 0.47368421052631576, 0.47368421052631576, 0.47368421052631576, 0.47368421052631576, 0.47368421052631576, 0.47368421052631576, 0.47368421052631576, 0.47368421052631576, 0.47368421052631576, 0.47368421052631576, 0.47368421052631576, 0.47368421052631576, 0.47368421052631576]
YS pair 4 - Test Accuracy: 0.54545, Validation Accuracies: [0.45, 0.45, 0.45, 0.45, 0.45, 0.45, 0.45, 0.45, 0.45, 0.45, 0.45, 0.45, 0.45, 0.45, 0.45, 0.45, 0.45, 0.45, 0.45, 0.45]
YS pair 5 - Test Accuracy: 0.61905, Validation Accuracies: [0.7368421052631579, 0.7368421052631579, 0.7368421052631579, 0.7368421052631579, 0.7368421052631579, 0.7368421052631579, 0.7368421052631579, 0.7368421052631579, 0.7368421052631579, 0.7368421052631579, 0.7368421052631579, 0.7368421052631579, 0.7368421052631579, 0.7368421052631579, 0.7368421052631579, 0.7368421052631579, 0.7368421052631579, 0.7368421052631579, 0.7368421052631579, 0.7368421052631579]
YS pair 6 - Test Accuracy: 0.59091, Validation Accuracies: [0.7, 0.7, 0.7, 0.7, 0.7, 0.7, 0.7, 0.7, 0.7, 0.7, 0.7, 0.7, 0.7, 0.7, 0.7, 0.7, 0.7, 0.7, 0.7, 0.7]
YS pair 7 - Test Accuracy: 0.40000, Validation Accuracies: [0.47368421052631576, 0.47368421052631576, 0.47368421052631576, 0.47368421052631576, 0.47368421052631576, 0.47368421052631576, 0.47368421052631576, 0.47368421052631576, 0.47368421052631576, 0.47368421052631576, 0.47368421052631576, 0.47368421052631576, 0.47368421052631576, 0.47368421052631576, 0.47368421052631576, 0.47368421052631576, 0.47368421052631576, 0.47368421052631576, 0.47368421052631576, 0.47368421052631576]
YS pair 8 - Test Accuracy: 0.33333, Validation Accuracies: [0.42105263157894735, 0.42105263157894735, 0.42105263157894735, 0.42105263157894735, 0.42105263157894735, 0.42105263157894735, 0.42105263157894735, 0.42105263157894735, 0.42105263157894735, 0.42105263157894735, 0.42105263157894735, 0.42105263157894735, 0.42105263157894735, 0.42105263157894735, 0.42105263157894735, 0.42105263157894735, 0.42105263157894735, 0.42105263157894735, 0.42105263157894735, 0.42105263157894735]
YS pair 9 - Test Accuracy: 0.15789, Validation Accuracies: [0.2631578947368421, 0.2631578947368421, 0.2631578947368421, 0.2631578947368421, 0.2631578947368421, 0.2631578947368421, 0.2631578947368421, 0.2631578947368421, 0.2631578947368421, 0.2631578947368421, 0.2631578947368421, 0.2631578947368421, 0.2631578947368421, 0.2631578947368421, 0.2631578947368421, 0.2631578947368421, 0.2631578947368421, 0.2631578947368421, 0.2631578947368421, 0.2631578947368421]
YS pair 10 - Test Accuracy: 0.70000, Validation Accuracies: [0.7222222222222222, 0.7222222222222222, 0.7222222222222222, 0.7222222222222222, 0.7222222222222222, 0.7222222222222222, 0.7222222222222222, 0.7222222222222222, 0.7222222222222222, 0.7222222222222222, 0.7222222222222222, 0.7222222222222222, 0.7222222222222222, 0.7222222222222222, 0.7222222222222222, 0.7222222222222222, 0.7222222222222222, 0.7222222222222222, 0.7222222222222222, 0.7222222222222222]
[0.09090909090909083, -0.4545454545454546, -0.1428571428571429, 0.09090909090909083, 0.23809523809523814, 0.18181818181818188, -0.19999999999999996, -0.33333333333333337, -0.6842105263157895, 0.3999999999999999]
Total number of samples: 189
Number of unique years: 34
Number of unique countries: 47
N = 300