S pair: [0, 3], Ratio: 0.5, Test Accuracy: 0.38824, Validation Accuracies: [0.38095238095238093, 0.38095238095238093, 0.38095238095238093, 0.38095238095238093, 0.38095238095238093, 0.38095238095238093, 0.38095238095238093, 0.38095238095238093, 0.38095238095238093, 0.38095238095238093, 0.38095238095238093, 0.38095238095238093, 0.38095238095238093, 0.38095238095238093, 0.38095238095238093, 0.38095238095238093, 0.38095238095238093, 0.38095238095238093, 0.38095238095238093, 0.38095238095238093]
YS pair: [0, 4], Ratio: 0.5, Test Accuracy: 0.60920, Validation Accuracies: [0.5116279069767442, 0.5116279069767442, 0.5116279069767442, 0.5116279069767442, 0.5116279069767442, 0.5116279069767442, 0.5116279069767442, 0.5116279069767442, 0.5116279069767442, 0.5116279069767442, 0.5116279069767442, 0.5116279069767442, 0.5116279069767442, 0.5116279069767442, 0.5116279069767442, 0.5116279069767442, 0.5116279069767442, 0.5116279069767442, 0.5116279069767442, 0.5116279069767442]
YS pair: [0, 3], Ratio: 0.4, Test Accuracy: 0.42169, Validation Accuracies: [0.43209876543209874, 0.43209876543209874, 0.43209876543209874, 0.43209876543209874, 0.43209876543209874, 0.43209876543209874, 0.43209876543209874, 0.43209876543209874, 0.43209876543209874, 0.43209876543209874, 0.43209876543209874, 0.43209876543209874, 0.43209876543209874, 0.43209876543209874, 0.43209876543209874, 0.43209876543209874, 0.43209876543209874, 0.43209876543209874, 0.43209876543209874, 0.43209876543209874]
YS pair: [0, 4], Ratio: 0.4, Test Accuracy: 0.48235, Validation Accuracies: [0.46987951807228917, 0.46987951807228917, 0.46987951807228917, 0.46987951807228917, 0.46987951807228917, 0.46987951807228917, 0.46987951807228917, 0.46987951807228917, 0.46987951807228917, 0.46987951807228917, 0.46987951807228917, 0.46987951807228917, 0.46987951807228917, 0.46987951807228917, 0.46987951807228917, 0.46987951807228917, 0.46987951807228917, 0.46987951807228917, 0.46987951807228917, 0.46987951807228917]
YS pair: [0, 3], Ratio: 0.3, Test Accuracy: 0.54217, Validation Accuracies: [0.6219512195121951, 0.6219512195121951, 0.6219512195121951, 0.6219512195121951, 0.6219512195121951, 0.6219512195121951, 0.6219512195121951, 0.6219512195121951, 0.6219512195121951, 0.6219512195121951, 0.6219512195121951, 0.6219512195121951, 0.6219512195121951, 0.6219512195121951, 0.6219512195121951, 0.6219512195121951, 0.6219512195121951, 0.6219512195121951, 0.6219512195121951, 0.6219512195121951]
YS pair: [0, 4], Ratio: 0.3, Test Accuracy: 0.62195, Validation Accuracies: [0.6125, 0.6125, 0.6125, 0.6125, 0.6125, 0.6125, 0.6125, 0.6125, 0.6125, 0.6125, 0.6125, 0.6125, 0.6125, 0.6125, 0.6125, 0.6125, 0.6125, 0.6125, 0.6125, 0.6125]
YS pair: [0, 3], Ratio: 0.2, Test Accuracy: 0.28395, Validation Accuracies: [0.2911392405063291, 0.2911392405063291, 0.2911392405063291, 0.2911392405063291, 0.2911392405063291, 0.2911392405063291, 0.2911392405063291, 0.2911392405063291, 0.2911392405063291, 0.2911392405063291, 0.2911392405063291, 0.2911392405063291, 0.2911392405063291, 0.2911392405063291, 0.2911392405063291, 0.2911392405063291, 0.2911392405063291, 0.2911392405063291, 0.2911392405063291, 0.2911392405063291]
YS pair: [0, 4], Ratio: 0.2, Test Accuracy: 0.28750, Validation Accuracies: [0.27848101265822783, 0.27848101265822783, 0.27848101265822783, 0.27848101265822783, 0.27848101265822783, 0.27848101265822783, 0.27848101265822783, 0.27848101265822783, 0.27848101265822783, 0.27848101265822783, 0.27848101265822783, 0.27848101265822783, 0.27848101265822783, 0.27848101265822783, 0.27848101265822783, 0.27848101265822783, 0.27848101265822783, 0.27848101265822783, 0.27848101265822783, 0.27848101265822783]
YS pair: [0, 3], Ratio: 0.1, Test Accuracy: 0.82051, Validation Accuracies: [0.7236842105263158, 0.7236842105263158, 0.7236842105263158, 0.7236842105263158, 0.7236842105263158, 0.7236842105263158, 0.7236842105263158, 0.7236842105263158, 0.7236842105263158, 0.7236842105263158, 0.7236842105263158, 0.7236842105263158, 0.7236842105263158, 0.7236842105263158, 0.7236842105263158, 0.7236842105263158, 0.7236842105263158, 0.7236842105263158, 0.7236842105263158, 0.7236842105263158]
YS pair: [0, 4], Ratio: 0.1, Test Accuracy: 0.17500, Validation Accuracies: [0.17721518987341772, 0.17721518987341772, 0.17721518987341772, 0.17721518987341772, 0.17721518987341772, 0.17721518987341772, 0.17721518987341772, 0.17721518987341772, 0.17721518987341772, 0.17721518987341772, 0.17721518987341772, 0.17721518987341772, 0.17721518987341772, 0.17721518987341772, 0.17721518987341772, 0.17721518987341772, 0.17721518987341772, 0.17721518987341772, 0.17721518987341772, 0.17721518987341772]
YS pair 1 - Test Accuracy: 0.38824, Validation Accuracies: [0.38095238095238093, 0.38095238095238093, 0.38095238095238093, 0.38095238095238093, 0.38095238095238093, 0.38095238095238093, 0.38095238095238093, 0.38095238095238093, 0.38095238095238093, 0.38095238095238093, 0.38095238095238093, 0.38095238095238093, 0.38095238095238093, 0.38095238095238093, 0.38095238095238093, 0.38095238095238093, 0.38095238095238093, 0.38095238095238093, 0.38095238095238093, 0.38095238095238093]
YS pair 2 - Test Accuracy: 0.60920, Validation Accuracies: [0.5116279069767442, 0.5116279069767442, 0.5116279069767442, 0.5116279069767442, 0.5116279069767442, 0.5116279069767442, 0.5116279069767442, 0.5116279069767442, 0.5116279069767442, 0.5116279069767442, 0.5116279069767442, 0.5116279069767442, 0.5116279069767442, 0.5116279069767442, 0.5116279069767442, 0.5116279069767442, 0.5116279069767442, 0.5116279069767442, 0.5116279069767442, 0.5116279069767442]
YS pair 3 - Test Accuracy: 0.42169, Validation Accuracies: [0.43209876543209874, 0.43209876543209874, 0.43209876543209874, 0.43209876543209874, 0.43209876543209874, 0.43209876543209874, 0.43209876543209874, 0.43209876543209874, 0.43209876543209874, 0.43209876543209874, 0.43209876543209874, 0.43209876543209874, 0.43209876543209874, 0.43209876543209874, 0.43209876543209874, 0.43209876543209874, 0.43209876543209874, 0.43209876543209874, 0.43209876543209874, 0.43209876543209874]
YS pair 4 - Test Accuracy: 0.48235, Validation Accuracies: [0.46987951807228917, 0.46987951807228917, 0.46987951807228917, 0.46987951807228917, 0.46987951807228917, 0.46987951807228917, 0.46987951807228917, 0.46987951807228917, 0.46987951807228917, 0.46987951807228917, 0.46987951807228917, 0.46987951807228917, 0.46987951807228917, 0.46987951807228917, 0.46987951807228917, 0.46987951807228917, 0.46987951807228917, 0.46987951807228917, 0.46987951807228917, 0.46987951807228917]
YS pair 5 - Test Accuracy: 0.54217, Validation Accuracies: [0.6219512195121951, 0.6219512195121951, 0.6219512195121951, 0.6219512195121951, 0.6219512195121951, 0.6219512195121951, 0.6219512195121951, 0.6219512195121951, 0.6219512195121951, 0.6219512195121951, 0.6219512195121951, 0.6219512195121951, 0.6219512195121951, 0.6219512195121951, 0.6219512195121951, 0.6219512195121951, 0.6219512195121951, 0.6219512195121951, 0.6219512195121951, 0.6219512195121951]
YS pair 6 - Test Accuracy: 0.62195, Validation Accuracies: [0.6125, 0.6125, 0.6125, 0.6125, 0.6125, 0.6125, 0.6125, 0.6125, 0.6125, 0.6125, 0.6125, 0.6125, 0.6125, 0.6125, 0.6125, 0.6125, 0.6125, 0.6125, 0.6125, 0.6125]
YS pair 7 - Test Accuracy: 0.28395, Validation Accuracies: [0.2911392405063291, 0.2911392405063291, 0.2911392405063291, 0.2911392405063291, 0.2911392405063291, 0.2911392405063291, 0.2911392405063291, 0.2911392405063291, 0.2911392405063291, 0.2911392405063291, 0.2911392405063291, 0.2911392405063291, 0.2911392405063291, 0.2911392405063291, 0.2911392405063291, 0.2911392405063291, 0.2911392405063291, 0.2911392405063291, 0.2911392405063291, 0.2911392405063291]
YS pair 8 - Test Accuracy: 0.28750, Validation Accuracies: [0.27848101265822783, 0.27848101265822783, 0.27848101265822783, 0.27848101265822783, 0.27848101265822783, 0.27848101265822783, 0.27848101265822783, 0.27848101265822783, 0.27848101265822783, 0.27848101265822783, 0.27848101265822783, 0.27848101265822783, 0.27848101265822783, 0.27848101265822783, 0.27848101265822783, 0.27848101265822783, 0.27848101265822783, 0.27848101265822783, 0.27848101265822783, 0.27848101265822783]
YS pair 9 - Test Accuracy: 0.82051, Validation Accuracies: [0.7236842105263158, 0.7236842105263158, 0.7236842105263158, 0.7236842105263158, 0.7236842105263158, 0.7236842105263158, 0.7236842105263158, 0.7236842105263158, 0.7236842105263158, 0.7236842105263158, 0.7236842105263158, 0.7236842105263158, 0.7236842105263158, 0.7236842105263158, 0.7236842105263158, 0.7236842105263158, 0.7236842105263158, 0.7236842105263158, 0.7236842105263158, 0.7236842105263158]
YS pair 10 - Test Accuracy: 0.17500, Validation Accuracies: [0.17721518987341772, 0.17721518987341772, 0.17721518987341772, 0.17721518987341772, 0.17721518987341772, 0.17721518987341772, 0.17721518987341772, 0.17721518987341772, 0.17721518987341772, 0.17721518987341772, 0.17721518987341772, 0.17721518987341772, 0.17721518987341772, 0.17721518987341772, 0.17721518987341772, 0.17721518987341772, 0.17721518987341772, 0.17721518987341772, 0.17721518987341772, 0.17721518987341772]
[-0.22352941176470587, 0.21839080459770122, -0.15662650602409633, -0.03529411764705881, 0.0843373493975903, 0.24390243902439024, -0.4320987654320988, -0.42500000000000004, 0.641025641025641, -0.65]
Total number of samples: 792
Number of unique years: 41
Number of unique countries: 120
N = 1100