
YS pair: [0, 3], Ratio: 0.5, Test Accuracy: 0.54545, Validation Accuracies: [0.5977011494252874, 0.5977011494252874, 0.5977011494252874, 0.5977011494252874, 0.5977011494252874, 0.5977011494252874, 0.5977011494252874, 0.5977011494252874, 0.5977011494252874, 0.5977011494252874, 0.5977011494252874, 0.5977011494252874, 0.5977011494252874, 0.5977011494252874, 0.5977011494252874, 0.5977011494252874, 0.5977011494252874, 0.5977011494252874, 0.5977011494252874, 0.5977011494252874]
YS pair: [0, 4], Ratio: 0.5, Test Accuracy: 0.56522, Validation Accuracies: [0.6111111111111112, 0.6111111111111112, 0.6111111111111112, 0.6111111111111112, 0.6111111111111112, 0.6111111111111112, 0.6111111111111112, 0.6111111111111112, 0.6111111111111112, 0.6111111111111112, 0.6111111111111112, 0.6111111111111112, 0.6111111111111112, 0.6111111111111112, 0.6111111111111112, 0.6111111111111112, 0.6111111111111112, 0.6111111111111112, 0.6111111111111112, 0.6111111111111112]
YS pair: [0, 3], Ratio: 0.4, Test Accuracy: 0.48837, Validation Accuracies: [0.47619047619047616, 0.47619047619047616, 0.47619047619047616, 0.47619047619047616, 0.47619047619047616, 0.47619047619047616, 0.47619047619047616, 0.47619047619047616, 0.47619047619047616, 0.47619047619047616, 0.47619047619047616, 0.47619047619047616, 0.47619047619047616, 0.47619047619047616, 0.47619047619047616, 0.47619047619047616, 0.47619047619047616, 0.47619047619047616, 0.47619047619047616, 0.47619047619047616]
YS pair: [0, 4], Ratio: 0.4, Test Accuracy: 0.48864, Validation Accuracies: [0.5930232558139535, 0.5930232558139535, 0.5930232558139535, 0.5930232558139535, 0.5930232558139535, 0.5930232558139535, 0.5930232558139535, 0.5930232558139535, 0.5930232558139535, 0.5930232558139535, 0.5930232558139535, 0.5930232558139535, 0.5930232558139535, 0.5930232558139535, 0.5930232558139535, 0.5930232558139535, 0.5930232558139535, 0.5930232558139535, 0.5930232558139535, 0.5930232558139535]
YS pair: [0, 3], Ratio: 0.3, Test Accuracy: 0.46988, Validation Accuracies: [0.2804878048780488, 0.2804878048780488, 0.2804878048780488, 0.2804878048780488, 0.2804878048780488, 0.2804878048780488, 0.2804878048780488, 0.2804878048780488, 0.2804878048780488, 0.2804878048780488, 0.2804878048780488, 0.2804878048780488, 0.2804878048780488, 0.2804878048780488, 0.2804878048780488, 0.2804878048780488, 0.2804878048780488, 0.2804878048780488, 0.2804878048780488, 0.2804878048780488]
YS pair: [0, 4], Ratio: 0.3, Test Accuracy: 0.58621, Validation Accuracies: [0.6395348837209303, 0.6395348837209303, 0.6395348837209303, 0.6395348837209303, 0.6395348837209303, 0.6395348837209303, 0.6395348837209303, 0.6395348837209303, 0.6395348837209303, 0.6395348837209303, 0.6395348837209303, 0.6395348837209303, 0.6395348837209303, 0.6395348837209303, 0.6395348837209303, 0.6395348837209303, 0.6395348837209303, 0.6395348837209303, 0.6395348837209303, 0.6395348837209303]
YS pair: [0, 3], Ratio: 0.2, Test Accuracy: 0.32530, Validation Accuracies: [0.3780487804878049, 0.3780487804878049, 0.3780487804878049, 0.3780487804878049, 0.3780487804878049, 0.3780487804878049, 0.3780487804878049, 0.3780487804878049, 0.3780487804878049, 0.3780487804878049, 0.3780487804878049, 0.3780487804878049, 0.3780487804878049, 0.3780487804878049, 0.3780487804878049, 0.3780487804878049, 0.3780487804878049, 0.3780487804878049, 0.3780487804878049, 0.3780487804878049]
YS pair: [0, 4], Ratio: 0.2, Test Accuracy: 0.38636, Validation Accuracies: [0.25287356321839083, 0.25287356321839083, 0.25287356321839083, 0.25287356321839083, 0.25287356321839083, 0.25287356321839083, 0.25287356321839083, 0.25287356321839083, 0.25287356321839083, 0.25287356321839083, 0.25287356321839083, 0.25287356321839083, 0.25287356321839083, 0.25287356321839083, 0.25287356321839083, 0.25287356321839083, 0.25287356321839083, 0.25287356321839083, 0.25287356321839083, 0.25287356321839083]
YS pair: [0, 3], Ratio: 0.1, Test Accuracy: 0.77647, Validation Accuracies: [0.8433734939759037, 0.8433734939759037, 0.8433734939759037, 0.8433734939759037, 0.8433734939759037, 0.8433734939759037, 0.8433734939759037, 0.8433734939759037, 0.8433734939759037, 0.8433734939759037, 0.8433734939759037, 0.8433734939759037, 0.8433734939759037, 0.8433734939759037, 0.8433734939759037, 0.8433734939759037, 0.8433734939759037, 0.8433734939759037, 0.8433734939759037, 0.8433734939759037]
YS pair: [0, 4], Ratio: 0.1, Test Accuracy: 0.81395, Validation Accuracies: [0.7411764705882353, 0.7411764705882353, 0.7411764705882353, 0.7411764705882353, 0.7411764705882353, 0.7411764705882353, 0.7411764705882353, 0.7411764705882353, 0.7411764705882353, 0.7411764705882353, 0.7411764705882353, 0.7411764705882353, 0.7411764705882353, 0.7411764705882353, 0.7411764705882353, 0.7411764705882353, 0.7411764705882353, 0.7411764705882353, 0.7411764705882353, 0.7411764705882353]
YS pair 1 - Test Accuracy: 0.54545, Validation Accuracies: [0.5977011494252874, 0.5977011494252874, 0.5977011494252874, 0.5977011494252874, 0.5977011494252874, 0.5977011494252874, 0.5977011494252874, 0.5977011494252874, 0.5977011494252874, 0.5977011494252874, 0.5977011494252874, 0.5977011494252874, 0.5977011494252874, 0.5977011494252874, 0.5977011494252874, 0.5977011494252874, 0.5977011494252874, 0.5977011494252874, 0.5977011494252874, 0.5977011494252874]
YS pair 2 - Test Accuracy: 0.56522, Validation Accuracies: [0.6111111111111112, 0.6111111111111112, 0.6111111111111112, 0.6111111111111112, 0.6111111111111112, 0.6111111111111112, 0.6111111111111112, 0.6111111111111112, 0.6111111111111112, 0.6111111111111112, 0.6111111111111112, 0.6111111111111112, 0.6111111111111112, 0.6111111111111112, 0.6111111111111112, 0.6111111111111112, 0.6111111111111112, 0.6111111111111112, 0.6111111111111112, 0.6111111111111112]
YS pair 3 - Test Accuracy: 0.48837, Validation Accuracies: [0.47619047619047616, 0.47619047619047616, 0.47619047619047616, 0.47619047619047616, 0.47619047619047616, 0.47619047619047616, 0.47619047619047616, 0.47619047619047616, 0.47619047619047616, 0.47619047619047616, 0.47619047619047616, 0.47619047619047616, 0.47619047619047616, 0.47619047619047616, 0.47619047619047616, 0.47619047619047616, 0.47619047619047616, 0.47619047619047616, 0.47619047619047616, 0.47619047619047616]
YS pair 4 - Test Accuracy: 0.48864, Validation Accuracies: [0.5930232558139535, 0.5930232558139535, 0.5930232558139535, 0.5930232558139535, 0.5930232558139535, 0.5930232558139535, 0.5930232558139535, 0.5930232558139535, 0.5930232558139535, 0.5930232558139535, 0.5930232558139535, 0.5930232558139535, 0.5930232558139535, 0.5930232558139535, 0.5930232558139535, 0.5930232558139535, 0.5930232558139535, 0.5930232558139535, 0.5930232558139535, 0.5930232558139535]
YS pair 5 - Test Accuracy: 0.46988, Validation Accuracies: [0.2804878048780488, 0.2804878048780488, 0.2804878048780488, 0.2804878048780488, 0.2804878048780488, 0.2804878048780488, 0.2804878048780488, 0.2804878048780488, 0.2804878048780488, 0.2804878048780488, 0.2804878048780488, 0.2804878048780488, 0.2804878048780488, 0.2804878048780488, 0.2804878048780488, 0.2804878048780488, 0.2804878048780488, 0.2804878048780488, 0.2804878048780488, 0.2804878048780488]
YS pair 6 - Test Accuracy: 0.58621, Validation Accuracies: [0.6395348837209303, 0.6395348837209303, 0.6395348837209303, 0.6395348837209303, 0.6395348837209303, 0.6395348837209303, 0.6395348837209303, 0.6395348837209303, 0.6395348837209303, 0.6395348837209303, 0.6395348837209303, 0.6395348837209303, 0.6395348837209303, 0.6395348837209303, 0.6395348837209303, 0.6395348837209303, 0.6395348837209303, 0.6395348837209303, 0.6395348837209303, 0.6395348837209303]
YS pair 7 - Test Accuracy: 0.32530, Validation Accuracies: [0.3780487804878049, 0.3780487804878049, 0.3780487804878049, 0.3780487804878049, 0.3780487804878049, 0.3780487804878049, 0.3780487804878049, 0.3780487804878049, 0.3780487804878049, 0.3780487804878049, 0.3780487804878049, 0.3780487804878049, 0.3780487804878049, 0.3780487804878049, 0.3780487804878049, 0.3780487804878049, 0.3780487804878049, 0.3780487804878049, 0.3780487804878049, 0.3780487804878049]
YS pair 8 - Test Accuracy: 0.38636, Validation Accuracies: [0.25287356321839083, 0.25287356321839083, 0.25287356321839083, 0.25287356321839083, 0.25287356321839083, 0.25287356321839083, 0.25287356321839083, 0.25287356321839083, 0.25287356321839083, 0.25287356321839083, 0.25287356321839083, 0.25287356321839083, 0.25287356321839083, 0.25287356321839083, 0.25287356321839083, 0.25287356321839083, 0.25287356321839083, 0.25287356321839083, 0.25287356321839083, 0.25287356321839083]
YS pair 9 - Test Accuracy: 0.77647, Validation Accuracies: [0.8433734939759037, 0.8433734939759037, 0.8433734939759037, 0.8433734939759037, 0.8433734939759037, 0.8433734939759037, 0.8433734939759037, 0.8433734939759037, 0.8433734939759037, 0.8433734939759037, 0.8433734939759037, 0.8433734939759037, 0.8433734939759037, 0.8433734939759037, 0.8433734939759037, 0.8433734939759037, 0.8433734939759037, 0.8433734939759037, 0.8433734939759037, 0.8433734939759037]
YS pair 10 - Test Accuracy: 0.81395, Validation Accuracies: [0.7411764705882353, 0.7411764705882353, 0.7411764705882353, 0.7411764705882353, 0.7411764705882353, 0.7411764705882353, 0.7411764705882353, 0.7411764705882353, 0.7411764705882353, 0.7411764705882353, 0.7411764705882353, 0.7411764705882353, 0.7411764705882353, 0.7411764705882353, 0.7411764705882353, 0.7411764705882353, 0.7411764705882353, 0.7411764705882353, 0.7411764705882353, 0.7411764705882353]
[0.09090909090909083, 0.13043478260869557, -0.023255813953488413, -0.022727272727272707, -0.06024096385542166, 0.17241379310344818, -0.3493975903614458, -0.2272727272727273, 0.5529411764705883, 0.627906976744186]
Total number of samples: 851
Number of unique years: 46
Number of unique countries: 126